1, -50.000000, -50.000000, 52, -48.000000, -50.000000
2, -50.000000, -48.000000, 54, -48.000000, -46.000000
3, -50.000000, -46.000000, 54, -48.000000, -46.000000
4, -50.000000, -44.000000, 56, -48.000000, -42.000000
5, -50.000000, -42.000000, 56, -48.000000, -42.000000
6, -50.000000, -40.000000, 57, -48.000000, -40.000000
7, -50.000000, -38.000000, 58, -48.000000, -38.000000
8, -50.000000, -36.000000, 59, -48.000000, -36.000000
9, -50.000000, -34.000000, 59, -48.000000, -36.000000
10, -50.000000, -32.000000, 61, -48.000000, -32.000000
11, -50.000000, -30.000000, 62, -48.000000, -30.000000
12, -50.000000, -28.000000, 63, -48.000000, -28.000000
13, -50.000000, -26.000000, 64, -48.000000, -26.000000
14, -50.000000, -24.000000, 64, -48.000000, -26.000000
15, -50.000000, -22.000000, 65, -48.000000, -24.000000
16, -50.000000, -20.000000, 15, -50.000000, -22.000000
17, -50.000000, -18.000000, 16, -50.000000, -20.000000
18, -50.000000, -16.000000, 17, -50.000000, -18.000000
19, -50.000000, -14.000000, 69, -48.000000, -16.000000
20, -50.000000, -12.000000, 70, -48.000000, -14.000000
21, -50.000000, -10.000000, 71, -48.000000, -12.000000
52, -48.000000, -50.000000, 104, -46.000000, -48.000000
53, -48.000000, -48.000000, 104, -46.000000, -48.000000
54, -48.000000, -46.000000, 105, -46.000000, -46.000000
55, -48.000000, -44.000000, 106, -46.000000, -44.000000
56, -48.000000, -42.000000, 108, -46.000000, -40.000000
57, -48.000000, -40.000000, 108, -46.000000, -40.000000
58, -48.000000, -38.000000, 109, -46.000000, -38.000000
59, -48.000000, -36.000000, 110, -46.000000, -36.000000
60, -48.000000, -34.000000, 111, -46.000000, -34.000000
61, -48.000000, -32.000000, 111, -46.000000, -34.000000
62, -48.000000, -30.000000, 112, -46.000000, -32.000000
63, -48.000000, -28.000000, 113, -46.000000, -30.000000
64, -48.000000, -26.000000, 114, -46.000000, -28.000000
65, -48.000000, -24.000000, 115, -46.000000, -26.000000
66, -48.000000, -22.000000, 116, -46.000000, -24.000000
67, -48.000000, -20.000000, 66, -48.000000, -22.000000
68, -48.000000, -18.000000, 118, -46.000000, -20.000000
69, -48.000000, -16.000000, 68, -48.000000, -18.000000
70, -48.000000, -14.000000, 120, -46.000000, -16.000000
71, -48.000000, -12.000000, 70, -48.000000, -14.000000
72, -48.000000, -10.000000, 122, -46.000000, -12.000000
73, -48.000000, -8.000000, 123, -46.000000, -10.000000
103, -46.000000, -50.000000, 155, -44.000000, -48.000000
104, -46.000000, -48.000000, 155, -44.000000, -48.000000
105, -46.000000, -46.000000, 157, -44.000000, -44.000000
106, -46.000000, -44.000000, 157, -44.000000, -44.000000
107, -46.000000, -42.000000, 158, -44.000000, -42.000000
108, -46.000000, -40.000000, 159, -44.000000, -40.000000
109, -46.000000, -38.000000, 160, -44.000000, -38.000000
110, -46.000000, -36.000000, 161, -44.000000, -36.000000
111, -46.000000, -34.000000, 161, -44.000000, -36.000000
112, -46.000000, -32.000000, 162, -44.000000, -34.000000
113, -46.000000, -30.000000, 163, -44.000000, -32.000000
114, -46.000000, -28.000000, 164, -44.000000, -30.000000
115, -46.000000, -26.000000, 165, -44.000000, -28.000000
116, -46.000000, -24.000000, 166, -44.000000, -26.000000
117, -46.000000, -22.000000, 116, -46.000000, -24.000000
118, -46.000000, -20.000000, 168, -44.000000, -22.000000
119, -46.000000, -18.000000, 118, -46.000000, -20.000000
120, -46.000000, -16.000000, 119, -46.000000, -18.000000
121, -46.000000, -14.000000, 171, -44.000000, -16.000000
122, -46.000000, -12.000000, 172, -44.000000, -14.000000
123, -46.000000, -10.000000, 173, -44.000000, -12.000000
124, -46.000000, -8.000000, 174, -44.000000, -10.000000
125, -46.000000, -6.000000, 175, -44.000000, -8.000000
154, -44.000000, -50.000000, 198, -42.000000, -48.000000
155, -44.000000, -48.000000, 198, -42.000000, -48.000000
156, -44.000000, -46.000000, 199, -42.000000, -46.000000
157, -44.000000, -44.000000, 201, -42.000000, -42.000000
158, -44.000000, -42.000000, 201, -42.000000, -42.000000
159, -44.000000, -40.000000, 202, -42.000000, -40.000000
160, -44.000000, -38.000000, 203, -42.000000, -38.000000
161, -44.000000, -36.000000, 204, -42.000000, -36.000000
162, -44.000000, -34.000000, 205, -42.000000, -34.000000
163, -44.000000, -32.000000, 206, -42.000000, -32.000000
164, -44.000000, -30.000000, 206, -42.000000, -32.000000
165, -44.000000, -28.000000, 207, -42.000000, -30.000000
166, -44.000000, -26.000000, 165, -44.000000, -28.000000
167, -44.000000, -24.000000, 166, -44.000000, -26.000000
168, -44.000000, -22.000000, 167, -44.000000, -24.000000
169, -44.000000, -20.000000, 168, -44.000000, -22.000000
170, -44.000000, -18.000000, 169, -44.000000, -20.000000
171, -44.000000, -16.000000, 170, -44.000000, -18.000000
172, -44.000000, -14.000000, 171, -44.000000, -16.000000
173, -44.000000, -12.000000, 172, -44.000000, -14.000000
174, -44.000000, -10.000000, 173, -44.000000, -12.000000
175, -44.000000, -8.000000, 174, -44.000000, -10.000000
176, -44.000000, -6.000000, 175, -44.000000, -8.000000
197, -42.000000, -50.000000, 241, -40.000000, -48.000000
198, -42.000000, -48.000000, 242, -40.000000, -46.000000
199, -42.000000, -46.000000, 242, -40.000000, -46.000000
200, -42.000000, -44.000000, 243, -40.000000, -44.000000
201, -42.000000, -42.000000, 244, -40.000000, -42.000000
202, -42.000000, -40.000000, 245, -40.000000, -40.000000
203, -42.000000, -38.000000, 246, -40.000000, -38.000000
204, -42.000000, -36.000000, 247, -40.000000, -36.000000
205, -42.000000, -34.000000, 248, -40.000000, -34.000000
206, -42.000000, -32.000000, 248, -40.000000, -34.000000
207, -42.000000, -30.000000, 249, -40.000000, -32.000000
208, -42.000000, -28.000000, 207, -42.000000, -30.000000
209, -42.000000, -26.000000, 208, -42.000000, -28.000000
210, -42.000000, -24.000000, 209, -42.000000, -26.000000
211, -42.000000, -22.000000, 210, -42.000000, -24.000000
212, -42.000000, -20.000000, 211, -42.000000, -22.000000
213, -42.000000, -18.000000, 212, -42.000000, -20.000000
214, -42.000000, -16.000000, 213, -42.000000, -18.000000
215, -42.000000, -14.000000, 214, -42.000000, -16.000000
216, -42.000000, -12.000000, 215, -42.000000, -14.000000
217, -42.000000, -10.000000, 216, -42.000000, -12.000000
218, -42.000000, -8.000000, 217, -42.000000, -10.000000
219, -42.000000, -6.000000, 218, -42.000000, -8.000000
220, -42.000000, -4.000000, 256, -40.000000, -6.000000
240, -40.000000, -50.000000, 278, -38.000000, -48.000000
241, -40.000000, -48.000000, 279, -38.000000, -46.000000
242, -40.000000, -46.000000, 279, -38.000000, -46.000000
243, -40.000000, -44.000000, 280, -38.000000, -44.000000
244, -40.000000, -42.000000, 282, -38.000000, -40.000000
245, -40.000000, -40.000000, 282, -38.000000, -40.000000
246, -40.000000, -38.000000, 283, -38.000000, -38.000000
247, -40.000000, -36.000000, 284, -38.000000, -36.000000
248, -40.000000, -34.000000, 285, -38.000000, -34.000000
249, -40.000000, -32.000000, 285, -38.000000, -34.000000
250, -40.000000, -18.000000, 212, -42.000000, -20.000000
251, -40.000000, -16.000000, 250, -40.000000, -18.000000
252, -40.000000, -14.000000, 214, -42.000000, -16.000000
253, -40.000000, -12.000000, 252, -40.000000, -14.000000
254, -40.000000, -10.000000, 253, -40.000000, -12.000000
255, -40.000000, -8.000000, 217, -42.000000, -10.000000
256, -40.000000, -6.000000, 255, -40.000000, -8.000000
257, -40.000000, -4.000000, 256, -40.000000, -6.000000
277, -38.000000, -50.000000, 315, -36.000000, -48.000000
278, -38.000000, -48.000000, 316, -36.000000, -46.000000
279, -38.000000, -46.000000, 316, -36.000000, -46.000000
280, -38.000000, -44.000000, 317, -36.000000, -44.000000
281, -38.000000, -42.000000, 319, -36.000000, -40.000000
282, -38.000000, -40.000000, 319, -36.000000, -40.000000
283, -38.000000, -38.000000, 320, -36.000000, -38.000000
284, -38.000000, -36.000000, 320, -36.000000, -38.000000
285, -38.000000, -34.000000, 321, -36.000000, -36.000000
286, -38.000000, -32.000000, 322, -36.000000, -34.000000
287, -38.000000, -18.000000, 250, -40.000000, -18.000000
288, -38.000000, -16.000000, 250, -40.000000, -18.000000
289, -38.000000, -14.000000, 288, -38.000000, -16.000000
290, -38.000000, -12.000000, 252, -40.000000, -14.000000
291, -38.000000, -10.000000, 253, -40.000000, -12.000000
292, -38.000000, -8.000000, 291, -38.000000, -10.000000
293, -38.000000, -6.000000, 292, -38.000000, -8.000000
294, -38.000000, -4.000000, 293, -38.000000, -6.000000
295, -38.000000, -2.000000, 331, -36.000000, -4.000000
314, -36.000000, -50.000000, 352, -34.000000, -48.000000
315, -36.000000, -48.000000, 353, -34.000000, -46.000000
316, -36.000000, -46.000000, 354, -34.000000, -44.000000
317, -36.000000, -44.000000, 354, -34.000000, -44.000000
318, -36.000000, -42.000000, 356, -34.000000, -40.000000
319, -36.000000, -40.000000, 356, -34.000000, -40.000000
320, -36.000000, -38.000000, 357, -34.000000, -38.000000
321, -36.000000, -36.000000, 357, -34.000000, -38.000000
322, -36.000000, -34.000000, 358, -34.000000, -36.000000
323, -36.000000, -32.000000, 359, -34.000000, -34.000000
324, -36.000000, -18.000000, 287, -38.000000, -18.000000
325, -36.000000, -16.000000, 288, -38.000000, -16.000000
326, -36.000000, -14.000000, 288, -38.000000, -16.000000
327, -36.000000, -12.000000, 289, -38.000000, -14.000000
328, -36.000000, -10.000000, 290, -38.000000, -12.000000
329, -36.000000, -8.000000, 291, -38.000000, -10.000000
330, -36.000000, -6.000000, 329, -36.000000, -8.000000
331, -36.000000, -4.000000, 330, -36.000000, -6.000000
332, -36.000000, -2.000000, 331, -36.000000, -4.000000
351, -34.000000, -50.000000, 389, -32.000000, -48.000000
352, -34.000000, -48.000000, 353, -34.000000, -46.000000
353, -34.000000, -46.000000, 391, -32.000000, -44.000000
354, -34.000000, -44.000000, 392, -32.000000, -42.000000
355, -34.000000, -42.000000, 393, -32.000000, -40.000000
356, -34.000000, -40.000000, 393, -32.000000, -40.000000
357, -34.000000, -38.000000, 394, -32.000000, -38.000000
358, -34.000000, -36.000000, 394, -32.000000, -38.000000
359, -34.000000, -34.000000, 395, -32.000000, -36.000000
360, -34.000000, -32.000000, 359, -34.000000, -34.000000
361, -34.000000, -18.000000, 324, -36.000000, -18.000000
362, -34.000000, -16.000000, 324, -36.000000, -18.000000
363, -34.000000, -14.000000, 325, -36.000000, -16.000000
364, -34.000000, -12.000000, 326, -36.000000, -14.000000
365, -34.000000, -10.000000, 327, -36.000000, -12.000000
366, -34.000000, -8.000000, 328, -36.000000, -10.000000
367, -34.000000, -6.000000, 329, -36.000000, -8.000000
368, -34.000000, -4.000000, 330, -36.000000, -6.000000
369, -34.000000, -2.000000, 368, -34.000000, -4.000000
388, -32.000000, -50.000000, 389, -32.000000, -48.000000
389, -32.000000, -48.000000, 390, -32.000000, -46.000000
390, -32.000000, -46.000000, 391, -32.000000, -44.000000
391, -32.000000, -44.000000, 429, -30.000000, -42.000000
392, -32.000000, -42.000000, 430, -30.000000, -40.000000
393, -32.000000, -40.000000, 430, -30.000000, -40.000000
394, -32.000000, -38.000000, 430, -30.000000, -40.000000
395, -32.000000, -36.000000, 394, -32.000000, -38.000000
396, -32.000000, -34.000000, 395, -32.000000, -36.000000
397, -32.000000, -32.000000, 396, -32.000000, -34.000000
398, -32.000000, -18.000000, 361, -34.000000, -18.000000
399, -32.000000, -16.000000, 362, -34.000000, -16.000000
400, -32.000000, -14.000000, 362, -34.000000, -16.000000
401, -32.000000, -12.000000, 364, -34.000000, -12.000000
402, -32.000000, -10.000000, 364, -34.000000, -12.000000
403, -32.000000, -8.000000, 365, -34.000000, -10.000000
404, -32.000000, -6.000000, 403, -32.000000, -8.000000
405, -32.000000, -4.000000, 404, -32.000000, -6.000000
406, -32.000000, -2.000000, 405, -32.000000, -4.000000
425, -30.000000, -50.000000, 426, -30.000000, -48.000000
426, -30.000000, -48.000000, 427, -30.000000, -46.000000
427, -30.000000, -46.000000, 428, -30.000000, -44.000000
428, -30.000000, -44.000000, 429, -30.000000, -42.000000
429, -30.000000, -42.000000, 430, -30.000000, -40.000000
431, -30.000000, -38.000000, 430, -30.000000, -40.000000
432, -30.000000, -36.000000, 431, -30.000000, -38.000000
433, -30.000000, -34.000000, 432, -30.000000, -36.000000
434, -30.000000, -32.000000, 433, -30.000000, -34.000000
435, -30.000000, -18.000000, 398, -32.000000, -18.000000
436, -30.000000, -16.000000, 398, -32.000000, -18.000000
437, -30.000000, -14.000000, 399, -32.000000, -16.000000
438, -30.000000, -12.000000, 400, -32.000000, -14.000000
439, -30.000000, -10.000000, 402, -32.000000, -10.000000
440, -30.000000, -8.000000, 402, -32.000000, -10.000000
441, -30.000000, -6.000000, 403, -32.000000, -8.000000
442, -30.000000, -4.000000, 404, -32.000000, -6.000000
443, -30.000000, -2.000000, 442, -30.000000, -4.000000
444, -30.000000, 0.000000, 472, -28.000000, -2.000000
454, -28.000000, -50.000000, 455, -28.000000, -48.000000
455, -28.000000, -48.000000, 456, -28.000000, -46.000000
456, -28.000000, -46.000000, 457, -28.000000, -44.000000
457, -28.000000, -44.000000, 458, -28.000000, -42.000000
458, -28.000000, -42.000000, 430, -30.000000, -40.000000
459, -28.000000, -40.000000, 430, -30.000000, -40.000000
460, -28.000000, -38.000000, 430, -30.000000, -40.000000
461, -28.000000, -36.000000, 460, -28.000000, -38.000000
462, -28.000000, -34.000000, 461, -28.000000, -36.000000
463, -28.000000, -32.000000, 462, -28.000000, -34.000000
464, -28.000000, -18.000000, 435, -30.000000, -18.000000
465, -28.000000, -16.000000, 436, -30.000000, -16.000000
466, -28.000000, -14.000000, 436, -30.000000, -16.000000
467, -28.000000, -12.000000, 437, -30.000000, -14.000000
468, -28.000000, -10.000000, 438, -30.000000, -12.000000
469, -28.000000, -8.000000, 439, -30.000000, -10.000000
470, -28.000000, -6.000000, 440, -30.000000, -8.000000
471, -28.000000, -4.000000, 441, -30.000000, -6.000000
472, -28.000000, -2.000000, 471, -28.000000, -4.000000
473, -28.000000, 0.000000, 472, -28.000000, -2.000000
491, -26.000000, -50.000000, 455, -28.000000, -48.000000
492, -26.000000, -48.000000, 493, -26.000000, -46.000000
493, -26.000000, -46.000000, 457, -28.000000, -44.000000
494, -26.000000, -44.000000, 458, -28.000000, -42.000000
495, -26.000000, -42.000000, 458, -28.000000, -42.000000
496, -26.000000, -40.000000, 459, -28.000000, -40.000000
497, -26.000000, -38.000000, 459, -28.000000, -40.000000
498, -26.000000, -36.000000, 460, -28.000000, -38.000000
499, -26.000000, -34.000000, 498, -26.000000, -36.000000
500, -26.000000, -32.000000, 499, -26.000000, -34.000000
501, -26.000000, -18.000000, 464, -28.000000, -18.000000
502, -26.000000, -16.000000, 465, -28.000000, -16.000000
503, -26.000000, -14.000000, 465, -28.000000, -16.000000
504, -26.000000, -12.000000, 466, -28.000000, -14.000000
505, -26.000000, -10.000000, 467, -28.000000, -12.000000
506, -26.000000, -8.000000, 468, -28.000000, -10.000000
507, -26.000000, -6.000000, 470, -28.000000, -6.000000
508, -26.000000, -4.000000, 470, -28.000000, -6.000000
509, -26.000000, -2.000000, 471, -28.000000, -4.000000
510, -26.000000, 0.000000, 472, -28.000000, -2.000000
528, -24.000000, -50.000000, 529, -24.000000, -48.000000
529, -24.000000, -48.000000, 493, -26.000000, -46.000000
530, -24.000000, -46.000000, 494, -26.000000, -44.000000
531, -24.000000, -44.000000, 495, -26.000000, -42.000000
532, -24.000000, -42.000000, 496, -26.000000, -40.000000
533, -24.000000, -40.000000, 496, -26.000000, -40.000000
534, -24.000000, -38.000000, 496, -26.000000, -40.000000
535, -24.000000, -36.000000, 498, -26.000000, -36.000000
536, -24.000000, -34.000000, 498, -26.000000, -36.000000
537, -24.000000, -32.000000, 499, -26.000000, -34.000000
538, -24.000000, -18.000000, 501, -26.000000, -18.000000
539, -24.000000, -16.000000, 502, -26.000000, -16.000000
540, -24.000000, -14.000000, 503, -26.000000, -14.000000
541, -24.000000, -12.000000, 503, -26.000000, -14.000000
542, -24.000000, -10.000000, 504, -26.000000, -12.000000
543, -24.000000, -8.000000, 505, -26.000000, -10.000000
544, -24.000000, -6.000000, 506, -26.000000, -8.000000
545, -24.000000, -4.000000, 507, -26.000000, -6.000000
546, -24.000000, -2.000000, 508, -26.000000, -4.000000
547, -24.000000, 0.000000, 509, -26.000000, -2.000000
565, -22.000000, -50.000000, 529, -24.000000, -48.000000
566, -22.000000, -48.000000, 530, -24.000000, -46.000000
567, -22.000000, -46.000000, 531, -24.000000, -44.000000
568, -22.000000, -44.000000, 531, -24.000000, -44.000000
569, -22.000000, -42.000000, 532, -24.000000, -42.000000
570, -22.000000, -40.000000, 533, -24.000000, -40.000000
571, -22.000000, -38.000000, 534, -24.000000, -38.000000
572, -22.000000, -36.000000, 534, -24.000000, -38.000000
573, -22.000000, -34.000000, 536, -24.000000, -34.000000
574, -22.000000, -32.000000, 536, -24.000000, -34.000000
575, -22.000000, -18.000000, 538, -24.000000, -18.000000
576, -22.000000, -16.000000, 539, -24.000000, -16.000000
577, -22.000000, -14.000000, 540, -24.000000, -14.000000
578, -22.000000, -12.000000, 541, -24.000000, -12.000000
579, -22.000000, -10.000000, 541, -24.000000, -12.000000
580, -22.000000, -8.000000, 543, -24.000000, -8.000000
581, -22.000000, -6.000000, 543, -24.000000, -8.000000
582, -22.000000, -4.000000, 544, -24.000000, -6.000000
583, -22.000000, -2.000000, 546, -24.000000, -2.000000
584, -22.000000, 0.000000, 546, -24.000000, -2.000000
602, -20.000000, -50.000000, 566, -22.000000, -48.000000
603, -20.000000, -48.000000, 567, -22.000000, -46.000000
604, -20.000000, -46.000000, 567, -22.000000, -46.000000
605, -20.000000, -18.000000, 575, -22.000000, -18.000000
606, -20.000000, -16.000000, 575, -22.000000, -18.000000
607, -20.000000, -14.000000, 577, -22.000000, -14.000000
608, -20.000000, -12.000000, 578, -22.000000, -12.000000
609, -20.000000, -10.000000, 578, -22.000000, -12.000000
610, -20.000000, -8.000000, 579, -22.000000, -10.000000
611, -20.000000, -6.000000, 581, -22.000000, -6.000000
612, -20.000000, -4.000000, 581, -22.000000, -6.000000
613, -20.000000, -2.000000, 582, -22.000000, -4.000000
614, -20.000000, 0.000000, 583, -22.000000, -2.000000
632, -18.000000, -50.000000, 603, -20.000000, -48.000000
633, -18.000000, -48.000000, 603, -20.000000, -48.000000
634, -18.000000, -46.000000, 604, -20.000000, -46.000000
635, -18.000000, -18.000000, 605, -20.000000, -18.000000
636, -18.000000, -16.000000, 605, -20.000000, -18.000000
637, -18.000000, -14.000000, 607, -20.000000, -14.000000
638, -18.000000, -12.000000, 607, -20.000000, -14.000000
639, -18.000000, -10.000000, 609, -20.000000, -10.000000
640, -18.000000, -8.000000, 609, -20.000000, -10.000000
641, -18.000000, -6.000000, 610, -20.000000, -8.000000
642, -18.000000, -4.000000, 612, -20.000000, -4.000000
643, -18.000000, -2.000000, 612, -20.000000, -4.000000
644, -18.000000, 0.000000, 613, -20.000000, -2.000000
662, -16.000000, -50.000000, 632, -18.000000, -50.000000
663, -16.000000, -48.000000, 633, -18.000000, -48.000000
664, -16.000000, -46.000000, 634, -18.000000, -46.000000
665, -16.000000, -18.000000, 635, -18.000000, -18.000000
666, -16.000000, -16.000000, 636, -18.000000, -16.000000
667, -16.000000, -14.000000, 637, -18.000000, -14.000000
668, -16.000000, -12.000000, 637, -18.000000, -14.000000
669, -16.000000, -10.000000, 638, -18.000000, -12.000000
670, -16.000000, -8.000000, 639, -18.000000, -10.000000
671, -16.000000, -6.000000, 641, -18.000000, -6.000000
672, -16.000000, -4.000000, 641, -18.000000, -6.000000
673, -16.000000, -2.000000, 643, -18.000000, -2.000000
674, -16.000000, 0.000000, 643, -18.000000, -2.000000
692, -14.000000, -50.000000, 662, -16.000000, -50.000000
693, -14.000000, -48.000000, 664, -16.000000, -46.000000
694, -14.000000, -46.000000, 664, -16.000000, -46.000000
695, -14.000000, -18.000000, 665, -16.000000, -18.000000
696, -14.000000, -16.000000, 665, -16.000000, -18.000000
697, -14.000000, -14.000000, 667, -16.000000, -14.000000
698, -14.000000, -12.000000, 667, -16.000000, -14.000000
699, -14.000000, -10.000000, 668, -16.000000, -12.000000
700, -14.000000, -8.000000, 669, -16.000000, -10.000000
701, -14.000000, -6.000000, 671, -16.000000, -6.000000
702, -14.000000, -4.000000, 672, -16.000000, -4.000000
703, -14.000000, -2.000000, 673, -16.000000, -2.000000
704, -14.000000, 0.000000, 673, -16.000000, -2.000000
722, -12.000000, -50.000000, 692, -14.000000, -50.000000
723, -12.000000, -48.000000, 694, -14.000000, -46.000000
724, -12.000000, -46.000000, 694, -14.000000, -46.000000
725, -12.000000, -18.000000, 755, -10.000000, -18.000000
726, -12.000000, -16.000000, 755, -10.000000, -18.000000
727, -12.000000, -14.000000, 756, -10.000000, -16.000000
728, -12.000000, -12.000000, 698, -14.000000, -12.000000
729, -12.000000, -10.000000, 699, -14.000000, -10.000000
730, -12.000000, -8.000000, 699, -14.000000, -10.000000
731, -12.000000, -6.000000, 700, -14.000000, -8.000000
732, -12.000000, -4.000000, 701, -14.000000, -6.000000
733, -12.000000, -2.000000, 703, -14.000000, -2.000000
734, -12.000000, 0.000000, 703, -14.000000, -2.000000
752, -10.000000, -50.000000, 722, -12.000000, -50.000000
753, -10.000000, -48.000000, 723, -12.000000, -48.000000
754, -10.000000, -46.000000, 724, -12.000000, -46.000000
755, -10.000000, -18.000000, 797, -8.000000, -20.000000
756, -10.000000, -16.000000, 755, -10.000000, -18.000000
757, -10.000000, -14.000000, 756, -10.000000, -16.000000
758, -10.000000, -12.000000, 800, -8.000000, -14.000000
759, -10.000000, -10.000000, 758, -10.000000, -12.000000
760, -10.000000, -8.000000, 730, -12.000000, -8.000000
761, -10.000000, -6.000000, 731, -12.000000, -6.000000
762, -10.000000, -4.000000, 731, -12.000000, -6.000000
763, -10.000000, -2.000000, 732, -12.000000, -4.000000
764, -10.000000, 0.000000, 733, -12.000000, -2.000000
782, -8.000000, -50.000000, 752, -10.000000, -50.000000
783, -8.000000, -48.000000, 753, -10.000000, -48.000000
784, -8.000000, -46.000000, 754, -10.000000, -46.000000
785, -8.000000, -44.000000, 754, -10.000000, -46.000000
786, -8.000000, -42.000000, 785, -8.000000, -44.000000
787, -8.000000, -40.000000, 786, -8.000000, -42.000000
788, -8.000000, -38.000000, 787, -8.000000, -40.000000
789, -8.000000, -36.000000, 788, -8.000000, -38.000000
790, -8.000000, -34.000000, 789, -8.000000, -36.000000
791, -8.000000, -32.000000, 790, -8.000000, -34.000000
792, -8.000000, -30.000000, 791, -8.000000, -32.000000
793, -8.000000, -28.000000, 792, -8.000000, -30.000000
794, -8.000000, -26.000000, 793, -8.000000, -28.000000
795, -8.000000, -24.000000, 794, -8.000000, -26.000000
796, -8.000000, -22.000000, 795, -8.000000, -24.000000
797, -8.000000, -20.000000, 796, -8.000000, -22.000000
798, -8.000000, -18.000000, 797, -8.000000, -20.000000
799, -8.000000, -16.000000, 798, -8.000000, -18.000000
800, -8.000000, -14.000000, 799, -8.000000, -16.000000
801, -8.000000, -12.000000, 800, -8.000000, -14.000000
802, -8.000000, -10.000000, 801, -8.000000, -12.000000
803, -8.000000, -8.000000, 802, -8.000000, -10.000000
804, -8.000000, -6.000000, 803, -8.000000, -8.000000
805, -8.000000, -4.000000, 762, -10.000000, -4.000000
806, -8.000000, -2.000000, 762, -10.000000, -4.000000
807, -8.000000, 0.000000, 763, -10.000000, -2.000000
833, -6.000000, -50.000000, 783, -8.000000, -48.000000
834, -6.000000, -48.000000, 783, -8.000000, -48.000000
835, -6.000000, -46.000000, 784, -8.000000, -46.000000
836, -6.000000, -44.000000, 785, -8.000000, -44.000000
837, -6.000000, -42.000000, 785, -8.000000, -44.000000
838, -6.000000, -40.000000, 837, -6.000000, -42.000000
839, -6.000000, -38.000000, 838, -6.000000, -40.000000
840, -6.000000, -36.000000, 839, -6.000000, -38.000000
841, -6.000000, -34.000000, 840, -6.000000, -36.000000
842, -6.000000, -32.000000, 790, -8.000000, -34.000000
843, -6.000000, -30.000000, 791, -8.000000, -32.000000
844, -6.000000, -28.000000, 843, -6.000000, -30.000000
845, -6.000000, -26.000000, 793, -8.000000, -28.000000
846, -6.000000, -24.000000, 845, -6.000000, -26.000000
847, -6.000000, -22.000000, 846, -6.000000, -24.000000
848, -6.000000, -20.000000, 796, -8.000000, -22.000000
849, -6.000000, -18.000000, 848, -6.000000, -20.000000
850, -6.000000, -16.000000, 849, -6.000000, -18.000000
851, -6.000000, -14.000000, 850, -6.000000, -16.000000
852, -6.000000, -12.000000, 851, -6.000000, -14.000000
853, -6.000000, -10.000000, 852, -6.000000, -12.000000
854, -6.000000, -8.000000, 853, -6.000000, -10.000000
855, -6.000000, -6.000000, 854, -6.000000, -8.000000
856, -6.000000, -4.000000, 855, -6.000000, -6.000000
857, -6.000000, -2.000000, 806, -8.000000, -2.000000
858, -6.000000, 0.000000, 806, -8.000000, -2.000000
884, -4.000000, -50.000000, 834, -6.000000, -48.000000
885, -4.000000, -48.000000, 834, -6.000000, -48.000000
886, -4.000000, -46.000000, 835, -6.000000, -46.000000
887, -4.000000, -44.000000, 835, -6.000000, -46.000000
888, -4.000000, -42.000000, 837, -6.000000, -42.000000
889, -4.000000, -40.000000, 837, -6.000000, -42.000000
890, -4.000000, -38.000000, 889, -4.000000, -40.000000
891, -4.000000, -36.000000, 839, -6.000000, -38.000000
892, -4.000000, -34.000000, 891, -4.000000, -36.000000
893, -4.000000, -32.000000, 892, -4.000000, -34.000000
894, -4.000000, -30.000000, 893, -4.000000, -32.000000
895, -4.000000, -28.000000, 894, -4.000000, -30.000000
896, -4.000000, -26.000000, 895, -4.000000, -28.000000
897, -4.000000, -24.000000, 896, -4.000000, -26.000000
898, -4.000000, -22.000000, 897, -4.000000, -24.000000
899, -4.000000, -20.000000, 898, -4.000000, -22.000000
900, -4.000000, -18.000000, 848, -6.000000, -20.000000
901, -4.000000, -16.000000, 900, -4.000000, -18.000000
902, -4.000000, -14.000000, 901, -4.000000, -16.000000
903, -4.000000, -12.000000, 851, -6.000000, -14.000000
904, -4.000000, -10.000000, 852, -6.000000, -12.000000
905, -4.000000, -8.000000, 853, -6.000000, -10.000000
906, -4.000000, -6.000000, 905, -4.000000, -8.000000
907, -4.000000, -4.000000, 906, -4.000000, -6.000000
908, -4.000000, -2.000000, 907, -4.000000, -4.000000
909, -4.000000, 0.000000, 908, -4.000000, -2.000000
935, -2.000000, -50.000000, 884, -4.000000, -50.000000
936, -2.000000, -48.000000, 885, -4.000000, -48.000000
937, -2.000000, -46.000000, 886, -4.000000, -46.000000
938, -2.000000, -44.000000, 886, -4.000000, -46.000000
939, -2.000000, -42.000000, 887, -4.000000, -44.000000
940, -2.000000, -40.000000, 889, -4.000000, -40.000000
941, -2.000000, -38.000000, 889, -4.000000, -40.000000
942, -2.000000, -36.000000, 941, -2.000000, -38.000000
943, -2.000000, -34.000000, 891, -4.000000, -36.000000
944, -2.000000, -32.000000, 943, -2.000000, -34.000000
945, -2.000000, -30.000000, 944, -2.000000, -32.000000
946, -2.000000, -28.000000, 945, -2.000000, -30.000000
947, -2.000000, -26.000000, 946, -2.000000, -28.000000
948, -2.000000, -24.000000, 896, -4.000000, -26.000000
949, -2.000000, -22.000000, 948, -2.000000, -24.000000
950, -2.000000, -20.000000, 949, -2.000000, -22.000000
951, -2.000000, -18.000000, 950, -2.000000, -20.000000
952, -2.000000, -16.000000, 951, -2.000000, -18.000000
953, -2.000000, -14.000000, 952, -2.000000, -16.000000
954, -2.000000, -12.000000, 953, -2.000000, -14.000000
955, -2.000000, -10.000000, 903, -4.000000, -12.000000
956, -2.000000, -8.000000, 955, -2.000000, -10.000000
957, -2.000000, -6.000000, 905, -4.000000, -8.000000
958, -2.000000, -4.000000, 957, -2.000000, -6.000000
959, -2.000000, -2.000000, 958, -2.000000, -4.000000
960, -2.000000, 0.000000, 959, -2.000000, -2.000000
986, 0.000000, -50.000000, 936, -2.000000, -48.000000
987, 0.000000, -48.000000, 936, -2.000000, -48.000000
988, 0.000000, -46.000000, 937, -2.000000, -46.000000
989, 0.000000, -44.000000, 938, -2.000000, -44.000000
990, 0.000000, -42.000000, 938, -2.000000, -44.000000
991, 0.000000, -40.000000, 939, -2.000000, -42.000000
992, 0.000000, -38.000000, 940, -2.000000, -40.000000
993, 0.000000, -36.000000, 941, -2.000000, -38.000000
994, 0.000000, -34.000000, 942, -2.000000, -36.000000
995, 0.000000, -32.000000, 943, -2.000000, -34.000000
996, 0.000000, -30.000000, 944, -2.000000, -32.000000
997, 0.000000, -28.000000, 996, 0.000000, -30.000000
998, 0.000000, -26.000000, 946, -2.000000, -28.000000
999, 0.000000, -24.000000, 947, -2.000000, -26.000000
1000, 0.000000, -22.000000, 948, -2.000000, -24.000000
1001, 0.000000, -20.000000, 949, -2.000000, -22.000000
1002, 0.000000, -18.000000, 950, -2.000000, -20.000000
1003, 0.000000, -16.000000, 1002, 0.000000, -18.000000
1004, 0.000000, -14.000000, 1003, 0.000000, -16.000000
1005, 0.000000, -12.000000, 1004, 0.000000, -14.000000
1006, 0.000000, -10.000000, 1005, 0.000000, -12.000000
1007, 0.000000, -8.000000, 1006, 0.000000, -10.000000
1008, 0.000000, -6.000000, 1007, 0.000000, -8.000000
1009, 0.000000, -4.000000, 957, -2.000000, -6.000000
1010, 0.000000, -2.000000, 1009, 0.000000, -4.000000
1011, 0.000000, 0.000000, 959, -2.000000, -2.000000
1012, 0.000000, 2.000000, 1062, 2.000000, 0.000000
1037, 2.000000, -50.000000, 986, 0.000000, -50.000000
1038, 2.000000, -48.000000, 987, 0.000000, -48.000000
1039, 2.000000, -46.000000, 988, 0.000000, -46.000000
1040, 2.000000, -44.000000, 988, 0.000000, -46.000000
1041, 2.000000, -42.000000, 990, 0.000000, -42.000000
1042, 2.000000, -40.000000, 991, 0.000000, -40.000000
1043, 2.000000, -38.000000, 992, 0.000000, -38.000000
1044, 2.000000, -36.000000, 993, 0.000000, -36.000000
1045, 2.000000, -34.000000, 993, 0.000000, -36.000000
1046, 2.000000, -32.000000, 994, 0.000000, -34.000000
1047, 2.000000, -30.000000, 995, 0.000000, -32.000000
1048, 2.000000, -28.000000, 996, 0.000000, -30.000000
1049, 2.000000, -26.000000, 997, 0.000000, -28.000000
1050, 2.000000, -24.000000, 1049, 2.000000, -26.000000
1051, 2.000000, -22.000000, 999, 0.000000, -24.000000
1052, 2.000000, -20.000000, 1000, 0.000000, -22.000000
1053, 2.000000, -18.000000, 1001, 0.000000, -20.000000
1054, 2.000000, -16.000000, 1053, 2.000000, -18.000000
1055, 2.000000, -14.000000, 1003, 0.000000, -16.000000
1056, 2.000000, -12.000000, 1004, 0.000000, -14.000000
1057, 2.000000, -10.000000, 1005, 0.000000, -12.000000
1058, 2.000000, -8.000000, 1057, 2.000000, -10.000000
1059, 2.000000, -6.000000, 1058, 2.000000, -8.000000
1060, 2.000000, -4.000000, 1059, 2.000000, -6.000000
1061, 2.000000, -2.000000, 1060, 2.000000, -4.000000
1062, 2.000000, 0.000000, 1061, 2.000000, -2.000000
1063, 2.000000, 2.000000, 1062, 2.000000, 0.000000
1088, 4.000000, -50.000000, 1037, 2.000000, -50.000000
1089, 4.000000, -48.000000, 1038, 2.000000, -48.000000
1090, 4.000000, -46.000000, 1039, 2.000000, -46.000000
1091, 4.000000, -44.000000, 1039, 2.000000, -46.000000
1092, 4.000000, -42.000000, 1040, 2.000000, -44.000000
1093, 4.000000, -40.000000, 1041, 2.000000, -42.000000
1094, 4.000000, -38.000000, 1043, 2.000000, -38.000000
1095, 4.000000, -36.000000, 1043, 2.000000, -38.000000
1096, 4.000000, -34.000000, 1045, 2.000000, -34.000000
1097, 4.000000, -32.000000, 1045, 2.000000, -34.000000
1098, 4.000000, -30.000000, 1046, 2.000000, -32.000000
1099, 4.000000, -28.000000, 1098, 4.000000, -30.000000
1100, 4.000000, -26.000000, 1048, 2.000000, -28.000000
1101, 4.000000, -24.000000, 1100, 4.000000, -26.000000
1102, 4.000000, -22.000000, 1050, 2.000000, -24.000000
1103, 4.000000, -20.000000, 1102, 4.000000, -22.000000
1104, 4.000000, -18.000000, 1103, 4.000000, -20.000000
1105, 4.000000, -16.000000, 1053, 2.000000, -18.000000
1106, 4.000000, -14.000000, 1054, 2.000000, -16.000000
1107, 4.000000, -12.000000, 1106, 4.000000, -14.000000
1108, 4.000000, -10.000000, 1107, 4.000000, -12.000000
1109, 4.000000, -8.000000, 1108, 4.000000, -10.000000
1110, 4.000000, -6.000000, 1109, 4.000000, -8.000000
1111, 4.000000, -4.000000, 1059, 2.000000, -6.000000
1112, 4.000000, -2.000000, 1060, 2.000000, -4.000000
1113, 4.000000, 0.000000, 1061, 2.000000, -2.000000
1114, 4.000000, 2.000000, 1062, 2.000000, 0.000000
1139, 6.000000, -50.000000, 1089, 4.000000, -48.000000
1140, 6.000000, -48.000000, 1089, 4.000000, -48.000000
1141, 6.000000, -46.000000, 1090, 4.000000, -46.000000
1142, 6.000000, -44.000000, 1091, 4.000000, -44.000000
1143, 6.000000, -42.000000, 1092, 4.000000, -42.000000
1144, 6.000000, -40.000000, 1092, 4.000000, -42.000000
1145, 6.000000, -38.000000, 1093, 4.000000, -40.000000
1146, 6.000000, -36.000000, 1095, 4.000000, -36.000000
1147, 6.000000, -34.000000, 1095, 4.000000, -36.000000
1148, 6.000000, -32.000000, 1096, 4.000000, -34.000000
1149, 6.000000, -30.000000, 1097, 4.000000, -32.000000
1150, 6.000000, -28.000000, 1098, 4.000000, -30.000000
1151, 6.000000, -26.000000, 1150, 6.000000, -28.000000
1152, 6.000000, -24.000000, 1100, 4.000000, -26.000000
1153, 6.000000, -22.000000, 1152, 6.000000, -24.000000
1154, 6.000000, -20.000000, 1102, 4.000000, -22.000000
1155, 6.000000, -18.000000, 1154, 6.000000, -20.000000
1156, 6.000000, -16.000000, 1155, 6.000000, -18.000000
1157, 6.000000, -14.000000, 1156, 6.000000, -16.000000
1158, 6.000000, -12.000000, 1157, 6.000000, -14.000000
1159, 6.000000, -10.000000, 1158, 6.000000, -12.000000
1160, 6.000000, -8.000000, 1159, 6.000000, -10.000000
1161, 6.000000, -6.000000, 1109, 4.000000, -8.000000
1162, 6.000000, -4.000000, 1161, 6.000000, -6.000000
1163, 6.000000, -2.000000, 1111, 4.000000, -4.000000
1164, 6.000000, 0.000000, 1163, 6.000000, -2.000000
1165, 6.000000, 2.000000, 1113, 4.000000, 0.000000
1190, 8.000000, -50.000000, 1139, 6.000000, -50.000000
1191, 8.000000, -48.000000, 1140, 6.000000, -48.000000
1192, 8.000000, -46.000000, 1141, 6.000000, -46.000000
1193, 8.000000, -44.000000, 1142, 6.000000, -44.000000
1194, 8.000000, -42.000000, 1142, 6.000000, -44.000000
1195, 8.000000, -40.000000, 1144, 6.000000, -40.000000
1196, 8.000000, -38.000000, 1144, 6.000000, -40.000000
1197, 8.000000, -36.000000, 1145, 6.000000, -38.000000
1198, 8.000000, -34.000000, 1146, 6.000000, -36.000000
1199, 8.000000, -32.000000, 1147, 6.000000, -34.000000
1200, 8.000000, -30.000000, 1148, 6.000000, -32.000000
1201, 8.000000, -28.000000, 1149, 6.000000, -30.000000
1202, 8.000000, -26.000000, 1150, 6.000000, -28.000000
1203, 8.000000, -24.000000, 1151, 6.000000, -26.000000
1204, 8.000000, -22.000000, 1152, 6.000000, -24.000000
1205, 8.000000, -20.000000, 1204, 8.000000, -22.000000
1206, 8.000000, -18.000000, 1154, 6.000000, -20.000000
1207, 8.000000, -16.000000, 1155, 6.000000, -18.000000
1208, 8.000000, -14.000000, 1156, 6.000000, -16.000000
1209, 8.000000, -12.000000, 1157, 6.000000, -14.000000
1210, 8.000000, -10.000000, 1209, 8.000000, -12.000000
1211, 8.000000, -8.000000, 1210, 8.000000, -10.000000
1212, 8.000000, -6.000000, 1211, 8.000000, -8.000000
1213, 8.000000, -4.000000, 1212, 8.000000, -6.000000
1214, 8.000000, -2.000000, 1213, 8.000000, -4.000000
1215, 8.000000, 0.000000, 1163, 6.000000, -2.000000
1216, 8.000000, 2.000000, 1164, 6.000000, 0.000000
1241, 10.000000, -8.000000, 1210, 8.000000, -10.000000
1242, 10.000000, -6.000000, 1241, 10.000000, -8.000000
1243, 10.000000, -4.000000, 1242, 10.000000, -6.000000
1244, 10.000000, -2.000000, 1243, 10.000000, -4.000000
1245, 12.000000, -8.000000, 1241, 10.000000, -8.000000
1246, 12.000000, -6.000000, 1241, 10.000000, -8.000000
1247, 12.000000, -4.000000, 1246, 12.000000, -6.000000
1248, 12.000000, -2.000000, 1247, 12.000000, -4.000000
1249, 14.000000, -8.000000, 1245, 12.000000, -8.000000
1250, 14.000000, -6.000000, 1246, 12.000000, -6.000000
1251, 14.000000, -4.000000, 1246, 12.000000, -6.000000
1252, 14.000000, -2.000000, 1251, 14.000000, -4.000000
1253, 16.000000, -8.000000, 1249, 14.000000, -8.000000
1254, 16.000000, -6.000000, 1250, 14.000000, -6.000000
1255, 16.000000, -4.000000, 1250, 14.000000, -6.000000
1256, 16.000000, -2.000000, 1251, 14.000000, -4.000000
1257, 18.000000, -8.000000, 1253, 16.000000, -8.000000
1258, 18.000000, -6.000000, 1254, 16.000000, -6.000000
1259, 18.000000, -4.000000, 1255, 16.000000, -4.000000
1260, 18.000000, -2.000000, 1255, 16.000000, -4.000000
1261, 20.000000, -8.000000, 1257, 18.000000, -8.000000
1262, 20.000000, -6.000000, 1258, 18.000000, -6.000000
1263, 20.000000, -4.000000, 1258, 18.000000, -6.000000
1264, 20.000000, -2.000000, 1260, 18.000000, -2.000000
1272, 22.000000, -36.000000, 1324, 24.000000, -34.000000
1273, 22.000000, -34.000000, 1274, 22.000000, -32.000000
1274, 22.000000, -32.000000, 1275, 22.000000, -30.000000
1275, 22.000000, -30.000000, 1276, 22.000000, -28.000000
1276, 22.000000, -28.000000, 1277, 22.000000, -26.000000
1277, 22.000000, -26.000000, 1278, 22.000000, -24.000000
1278, 22.000000, -24.000000, 1279, 22.000000, -22.000000
1279, 22.000000, -22.000000, 1280, 22.000000, -20.000000
1280, 22.000000, -20.000000, 1281, 22.000000, -18.000000
1281, 22.000000, -18.000000, 1282, 22.000000, -16.000000
1282, 22.000000, -16.000000, 1283, 22.000000, -14.000000
1283, 22.000000, -14.000000, 1284, 22.000000, -12.000000
1284, 22.000000, -12.000000, 1285, 22.000000, -10.000000
1285, 22.000000, -10.000000, 1261, 20.000000, -8.000000
1286, 22.000000, -8.000000, 1261, 20.000000, -8.000000
1287, 22.000000, -6.000000, 1262, 20.000000, -6.000000
1288, 22.000000, -4.000000, 1262, 20.000000, -6.000000
1289, 22.000000, -2.000000, 1263, 20.000000, -4.000000
1290, 22.000000, 0.000000, 1264, 20.000000, -2.000000
1291, 22.000000, 2.000000, 1290, 22.000000, 0.000000
1322, 24.000000, -38.000000, 1374, 26.000000, -36.000000
1323, 24.000000, -36.000000, 1324, 24.000000, -34.000000
1324, 24.000000, -34.000000, 1325, 24.000000, -32.000000
1325, 24.000000, -32.000000, 1326, 24.000000, -30.000000
1326, 24.000000, -30.000000, 1276, 22.000000, -28.000000
1327, 24.000000, -28.000000, 1277, 22.000000, -26.000000
1328, 24.000000, -26.000000, 1278, 22.000000, -24.000000
1329, 24.000000, -24.000000, 1279, 22.000000, -22.000000
1330, 24.000000, -22.000000, 1331, 24.000000, -20.000000
1331, 24.000000, -20.000000, 1332, 24.000000, -18.000000
1332, 24.000000, -18.000000, 1333, 24.000000, -16.000000
1333, 24.000000, -16.000000, 1283, 22.000000, -14.000000
1334, 24.000000, -14.000000, 1284, 22.000000, -12.000000
1335, 24.000000, -12.000000, 1285, 22.000000, -10.000000
1336, 24.000000, -10.000000, 1285, 22.000000, -10.000000
1337, 24.000000, -8.000000, 1286, 22.000000, -8.000000
1338, 24.000000, -6.000000, 1287, 22.000000, -6.000000
1339, 24.000000, -4.000000, 1287, 22.000000, -6.000000
1340, 24.000000, -2.000000, 1289, 22.000000, -2.000000
1341, 24.000000, 0.000000, 1289, 22.000000, -2.000000
1342, 24.000000, 2.000000, 1290, 22.000000, 0.000000
1373, 26.000000, -38.000000, 1374, 26.000000, -36.000000
1374, 26.000000, -36.000000, 1375, 26.000000, -34.000000
1375, 26.000000, -34.000000, 1376, 26.000000, -32.000000
1376, 26.000000, -32.000000, 1326, 24.000000, -30.000000
1400, 28.000000, -40.000000, 1429, 30.000000, -38.000000
1401, 28.000000, -38.000000, 1402, 28.000000, -36.000000
1402, 28.000000, -36.000000, 1403, 28.000000, -34.000000
1403, 28.000000, -34.000000, 1376, 26.000000, -32.000000
1404, 28.000000, -32.000000, 1376, 26.000000, -32.000000
1427, 30.000000, -42.000000, 1456, 32.000000, -40.000000
1428, 30.000000, -40.000000, 1429, 30.000000, -38.000000
1429, 30.000000, -38.000000, 1402, 28.000000, -36.000000
1430, 30.000000, -36.000000, 1403, 28.000000, -34.000000
1431, 30.000000, -34.000000, 1403, 28.000000, -34.000000
1432, 30.000000, -32.000000, 1404, 28.000000, -32.000000
1455, 32.000000, -42.000000, 1456, 32.000000, -40.000000
1456, 32.000000, -40.000000, 1429, 30.000000, -38.000000
1457, 32.000000, -38.000000, 1430, 30.000000, -36.000000
1458, 32.000000, -36.000000, 1430, 30.000000, -36.000000
1459, 32.000000, -34.000000, 1431, 30.000000, -34.000000
1460, 32.000000, -32.000000, 1432, 30.000000, -32.000000
1483, 34.000000, -42.000000, 1456, 32.000000, -40.000000
1484, 34.000000, -40.000000, 1457, 32.000000, -38.000000
1485, 34.000000, -38.000000, 1457, 32.000000, -38.000000
1486, 34.000000, -36.000000, 1459, 32.000000, -34.000000
1487, 34.000000, -34.000000, 1459, 32.000000, -34.000000
1488, 34.000000, -32.000000, 1460, 32.000000, -32.000000
1511, 36.000000, -42.000000, 1484, 34.000000, -40.000000
1512, 36.000000, -40.000000, 1485, 34.000000, -38.000000
1513, 36.000000, -38.000000, 1486, 34.000000, -36.000000
1514, 36.000000, -36.000000, 1487, 34.000000, -34.000000
1515, 36.000000, -34.000000, 1487, 34.000000, -34.000000
1516, 36.000000, -32.000000, 1488, 34.000000, -32.000000
1539, 38.000000, -42.000000, 1512, 36.000000, -40.000000
1540, 38.000000, -40.000000, 1512, 36.000000, -40.000000
1541, 38.000000, -38.000000, 1514, 36.000000, -36.000000
1542, 38.000000, -36.000000, 1515, 36.000000, -34.000000
1543, 38.000000, -34.000000, 1515, 36.000000, -34.000000
1544, 38.000000, -32.000000, 1516, 36.000000, -32.000000
1567, 40.000000, -42.000000, 1540, 38.000000, -40.000000
1568, 40.000000, -40.000000, 1541, 38.000000, -38.000000
1569, 40.000000, -38.000000, 1541, 38.000000, -38.000000
1570, 40.000000, -36.000000, 1543, 38.000000, -34.000000
1571, 40.000000, -34.000000, 1543, 38.000000, -34.000000
1572, 40.000000, -32.000000, 1544, 38.000000, -32.000000
1595, 42.000000, -42.000000, 1568, 40.000000, -40.000000
1596, 42.000000, -40.000000, 1568, 40.000000, -40.000000
1597, 42.000000, -38.000000, 1570, 40.000000, -36.000000
1598, 42.000000, -36.000000, 1570, 40.000000, -36.000000
1599, 42.000000, -34.000000, 1571, 40.000000, -34.000000
1600, 42.000000, -32.000000, 1572, 40.000000, -32.000000
1601, 42.000000, -30.000000, 1572, 40.000000, -32.000000
1646, 44.000000, -42.000000, 1596, 42.000000, -40.000000
1647, 44.000000, -40.000000, 1597, 42.000000, -38.000000
1648, 44.000000, -38.000000, 1597, 42.000000, -38.000000
1649, 44.000000, -36.000000, 1598, 42.000000, -36.000000
1650, 44.000000, -34.000000, 1599, 42.000000, -34.000000
1651, 44.000000, -32.000000, 1599, 42.000000, -34.000000
1697, 46.000000, -42.000000, 1647, 44.000000, -40.000000
1698, 46.000000, -40.000000, 1647, 44.000000, -40.000000
1699, 46.000000, -38.000000, 1648, 44.000000, -38.000000
1700, 46.000000, -36.000000, 1649, 44.000000, -36.000000
1701, 46.000000, -34.000000, 1649, 44.000000, -36.000000
1748, 48.000000, -42.000000, 1800, 50.000000, -40.000000
1749, 48.000000, -40.000000, 1699, 46.000000, -38.000000
1750, 48.000000, -38.000000, 1700, 46.000000, -36.000000
1751, 48.000000, -36.000000, 1700, 46.000000, -36.000000
1752, 48.000000, -34.000000, 1700, 46.000000, -36.000000
1799, 50.000000, -42.000000, 1800, 50.000000, -40.000000
1800, 50.000000, -40.000000, 1750, 48.000000, -38.000000
1801, 50.000000, -38.000000, 1750, 48.000000, -38.000000
1802, 50.000000, -36.000000, 1750, 48.000000, -38.000000
